$ANSIBLE_VAULT;1.1;AES256
30336662356564633038353635336264633739316565333030633437363432616536386639373164
6533633638306162393064363031356638353837316233310a333664396564363365333335356361
38643631373534303164623735306530383235386139343934613031663537636166303033363938
3866646338613134620a353631376230623065613535623436353837343732613339373836323964
33343965656562333334666263653033326138386464643438336336326435626331313239333833
62386234346166623432626666316631386561326266336463346338386330663036636431366462
36366531343236343438646336316662663638353361633466313833323534646434386532633264
63366263333638616131663332343464353933643863386565393132303931393439386234353364
61346136363364623564626138353934613231313632643733323037636339663938633262626161
61396665343061646233663762663837333335653166663135316437373136623136326639366533
30313530306237663463393039643833626539356365333564646238353530373934313965346336
37623534653436633062653264366130363662353034383962396237366234643437623830323136
64306438396165376465316436346339386531366264376630353734356662306363616230633363
63306562353937333836323264343331386338396565306261653739366266383262623331336238
38636636393166613364656337363930666666313935363732623964323438303637323563363361
34653136633838346532633866333735303139396435343432373038656538303330353936646165
37306237366234666565653366613137303364386363353334363031343737623633
